
0073 019873 1122 070050 2145 917050 2934 535515
0143 268104 1203 449704 2226 076472 2944 098615
0145 009191 1257 976895 2232 171397 2980 679800
0157 875587 1259 351661 2246 697592 3070 897656
0236 779675 1264 843479 2429 291179 3082 188499
0499 340134 1290 298195 2470 478505 3101 026452
0504 975088 1329 366419 2511 774832 3138 410831
0564 741365 1377 901714 2579 532176 3260 104016
0808 386266 1535 417871 2724 663152 3363 865459
0926 688683 1687 411423 2727 325494 3378 337188
1066 278935 1869 864700 2849 464927 3408 658969

3493 421415 4445 159996 5184 193793 6027 452034
3494 538793 4505 228543 5298 468763 6083 506856
3501 431863 4665 416534 5340 430097 6105 982962
3538 722071 4686 672671 5398 868953 6119 222429
3539 573556 4771 709951 5412 849313 6146 577407
3587 505100 4833 713883 5421 805023 6150 939378
3676 926067 4835 573405 5503 722582 6171 449222
3909 635631 4868 402117 5600 275047 6223 569614
4095 864513 4888 237843 5664 718502 6403 791470
4145 880924 4908 652282 5709 151570 6485 692077
4215 641071 5085 671567 5713 791822 6521 298056
4248 281636 5140 602293 5791 023788 6553 463920
4341 858759 5170 500287 5943 656934 6555 858605

6721 732184 7320 797420 8001 394992 9014 659819
6834 324663 7334 886766 8050 325626 9023 633919
6877 582906 7511 672438 8088 039101 9054 758632
6923 465760 7575 213424 8350 816412 9073 129671
6950 529207 7589 173778 8521 083204 9120 280328
6952 088372 7677 342299 8618 835082 9220 529645
6985 875514 7698 806327 8661 754635 9349 137512
7016 013350 7796 537124 8671 185537 9446 983789
7071 739020 7821 239450 8703 377990 9547 668155
7160 556215 7870 235549 8765 828742 9550 097663
7161 848353 7912 189947 8812 728813 9627 778660
7212 970786 7966 249716 8867 845017 9858 642944
7270 764458 7990 670288 8904 656289 9898 360333

